1001

1101111111ῃο 1198, 00110, 118, 1101, 118ος 11111. 1000,
0010110101, 801, ww, 1018.

101100010018101110111111. ·

1008

1100010001, 0001001001011. 1111111 1103000 00 01100
810011 011111 0001110 01 ejus 01010 00111100. - 0010101.

01010000810 8800001 (0010000110, 1111111) Alexandri 111 01000 0100101, 100. 1110, 00, 010. ·

11100111. 0111. 8. 10111101. 1110111001 100. 1110 1 comitibus
00 010 011- 011111110110011 111, 100. 1101. 111101.

0111118111)8.).1101010110110011. Ι
01011001, 100111 11000 011011 1001 100 011011 1110111010

010 810011 (0101100 00 1101111101 1000101. 0111. 8. 1000101.

0000100011 1110111110 110 1180 1101011110 1000101100,
11101 1111· 8. 1011011010, 0110ὶὸὲο09. - 011111. 10111·
ῐΙΙ1111’1’11“1’”111117’01111111111111001111001 110 cavos.
11100100 0011000100 1010000, 0100.1 1111111000) 1000101.
010. 8110000. 1 Petro 01001011011011110 01 0000110 Viro-
0110110001 00111110 0011111010. -10011 111 01111111101101,
ιιε01111111108110100110,01001100. dioc. 00 111100,
010000001110011) 10011101 0111. 0110010001. culus 11001
11111000 00110001111001111001001010011000 1111001181,
ι1111110000 seu 00 1111111 10 0110100 s.
1110101 <Nom-Darne 00 11 0100110, 0111011110, 100.

000. Fontis 01101101, 00 quo 010111100010 11011

emmau 110). 11010. 11011,
0101810080 S. 01881101 (81101-01001011 00 0111010,

00 1000100) 11011101. 010. 0101110. 001110 000100οΙ0001 01

111110311111111111.11111111,Π11111 ’111118ωῇ
0100110401.1000301111. '⁰‘ ' Μ’
11001081 11111010, 0100. de 80100000)ἃ111110101
10111010 8111110110 1101110 1001110100011111ἷῦ111111
0100010080 S. 10111 Ᾰ80101-1101100000111101)
0010010 11101101. 0011. S. 110110 . 101111110 1000110010 01-

structum 10 0001111110 011110100οκ sed. 0000010101,11

mc. 1011 regio 1101111 0011 000001100ῐο 01 10001111
1110011110οι10 0111101101 0 00010010 00110111111101010011001

11100. 00 00111011.) 01011101. 010. 8. 1101101110. 101 00011- adversus 1111111110 0010011110 0111000100. obsistere

00010101001001 1001000010, 1011-[11111103. 01100-
1111 111,100.,1111,01111,1111.

.“,1Ι’111101.1·.0818 88. 11101101 01 0111111101 181101-
1111110 0001001110110,.11100. 00 10000001) 10001011
aquodam 1110010010 000)11,111011100111 011 11100 1111111
Ι1011. 00101011111011111111111...
01000111, 0100.. de 11000101) 10001010100111100001111. 1
0011011100 comite 0101000100υο 1000111101, 100. 1111.
-11000111 11 papa 0111111100, 1100, 01101, 1001-1111-
1010011001 ζ111000011011011000 0100010111 11101011011111111,
0111.“11.1,’.1111111111.111101111110111111·ῖ.
1111112011ω ,1611111110111011101111111
110000.010101110100 0
10 110001001111111ἐ11111100.Ι 00110011 01 ί’11111111011110 0011111·
111111111001ΓΪο111111111111111011111111οΓ11ῗῖἕῖ
’,111111111011110101111101101111111010011·10 00 carace-
0000.0001111001010010,
3331,lfflnlffigffin'naexlztofggnaem 01100101, 100. 1101,

0101010111 100) (0011110 convent 00 11000111οι100 Ι1
111111101111111111111.11111100111111
”affl 11181111 (110). Vide 01101100.
..010000000000000
0110110 00001101000111110111, 1001110, 01111 , 110
0101111100110101111111101111 1011111111) 01011101.
1010111100 011000101·00001

1101010000818 S. 0110101 1811010-111110 110011·-
11111111111101111111011-11111110101
Μ’11111101111111111ιο’11111110110100-10000111101, 0010 11
11110) 1000101. S. 1111011111011110111 100. 190 10 8. 01-
111101 01111. 0000001-111111110010011 111, 1110. 1101,
Η111111Χο111-151110) 8. 1110110(811010-11010 0001101111,
dioc. 0000110010, 00 1100111111) 0100101. 10 01100 010-
10111 1101111 0110 decanum 011000110000010 0110111
’110110111110111’111011011111011111
θ · Γ 1 · 1 1 ·

01001880000000 S. 11111011 100101111111000011-

01000000)1110111.11. 011. S. 0000000101 bona 0100100011
confirmant 100011010011101110. 81. Juxta 001101111000111
1100110111 1001111, [IV. 1057. -111111111000111011 111,

nnn. 980, 0111011, 011. -11001110110111011 1111, 1011.

ι(1,111111111111111111,1110. 0110111111.
0100001110οε. 01010110 101111-00011011101

en 8110) 0100101. 010. S. August. 0111110 1111110111 111 01 1
00000001οο00 0000110110 100. nso, 0011, 1111.

jun 01

1011111111.1110010 10011 episcopus 111100 0111 10 01111110 ·

011111 0100101. 000 1001110010011111111011. 100.-01111111

11110οἔ1101001010111101 1111011010. 1111001011, 0111011101,
010., 111, 1109011000.- 110101 11100100. 1111100 monast.
101111 01 0011101111001 1100011ρο11 10 1001101010,
1111, 119. - 10101. 110011 egge. 10 0100011111 1110111
S. 00111 01000010 01111, 1.-0111111,1’1001111101,
101111, 101. - 1101101111 pa, 111. 1111, 1111,
1111-1110101111111111111 11 10. effic. Et! ἱ1χ1ἱ1ἡο11 ²neli-
-111111, 1101111111 1110110001, 10, 001. 001, 000
501..-001ἰ111.10610)11ὲ141ὲ. 101111000111 1111110. 1198, 00111.
ι60111111110080’8 1010018 1011110181101-10111
110 1011111000ιο11100) 01011101 010. S. Augusiiui 1 11.
11000 1000101001 qui 10 0100101010 monast. monachos 111-
110001110 1110111101. 8011101101 1100011100. 100.1099.-;1’11Ι
11111. 1100001110 11ἰοἱ1111111111, 101, 00,-11100011 111,
1111110011η

010011 018Το0080 8. 001οΙ (saint-rum 00
01111110100100110 111000) 11100101. ord. 8 B. 10000110
0110011000οΙ episc. exstructum 100. 810, 00 (huo 10011110Ι
111 10 0111 10111 0011, 11111. 1110, 0111111111, 2 . - 10011
111011111.,100. 1181, 011, 1118. -·· 00101. 1000000111 111
1010011001, 1011. 1188, 00110, 000. Ι
...11011111111111111111ος0111111111
ann. 1118. 0110111111 1110 10100111 1 111011101111001110. 10
111111ὲὲ11.1111111111] 1011110001111111
gffifflfflmm 111, 100. 1101, 0010, 1100;100. 1010,

1110111001 0. 1101010100-11110 10 01111100
111110 110 1110011) 0101100011 1 00111100 0101100. 0010111001
0101100100,011,1111001110010 1111100001 011110011000011
1111110110 111, 1011. 1101, 0111111111, 1001.-1001110111,
’1111111111101111110 <sainte-mmo 1111ψ1,11111
10 0110111 de 1000100) 0100111. nr 1. 0, 1111001111 11101000
Langobardorum 10 0 010101οι010100.100.-1·11011.011110
ιι’01111111111111111111111111010 (10) s. 0111110010
(81101-80010011100111100110,100 0100. 1110101111, 1001-
000) 01001οΙ. 010. 8. 1101100. quod fundavit 0011000000 11
10110110000101 100. 9110. 1100101 001110011001010111111
regulam 1111011011 0101000, cirea 1001110 00 11111111
00110011111101.-1’11111.1000010111 11, 100. 1109, cum.
119. - 011111. 1000010111 111111001110110111 1000101. 0010111·
31111111101111111111111111 ’0111 011811111ῗ’111111,’
ἱιέ10010100811 0111110, 0100. 00 010011οὲ0000.-
011101111211111111111101οω11010111111111110011110110 11οῑ11111)
10010011, 1001. -00001011110001111031011110, 10111,
151111011000080 8. 8111110010181101·811110110110
00111011, 0100. de 10111000) 10011111. 010. 8. 001100. 1

111110 1100010 00001011110110,100, 1

101. - 111111. 1000000111 111, 1011.

01011000801811010110, 101) monasteriolum quod 00001ιο 0001110 100οι1001 1011. 109, 011101011101100

101011001011100100010 1110111111) 111111οω00000 {ingoni 0110001011 0110100 1110000,100.199, 10111, 908. -·
1.11111110.1011.10 111 0101010111 0111001 0010100101, 01101 nupt. 10110001 fu, 1110. 011, 011, 1018; 1111101101 et
““111111111111’0111. 111110 (0110101000001- 11111110111111101101’1110011111111-’11111Ξ1
camp, 0100. 011010) 1000101. 000. 0101010101. 011100 010001011010101001010111111018. -11100 .

 

